  0.500000E-001  0.410000E-001
  0.500000E-001  0.141000E+000
  0.500000E-001  0.211000E+000
  0.500000E-001  0.281000E+000
  0.500000E-001  0.341000E+000
  0.500000E-001  0.381000E+000
  0.500000E-001  0.431000E+000
  0.500000E-001  0.471000E+000
  0.500000E-001  0.511000E+000
  0.500000E-001  0.561000E+000
  0.564167E-001  0.610000E-001
  0.564167E-001  0.141000E+000
  0.564167E-001  0.231000E+000
  0.564167E-001  0.301000E+000
  0.564167E-001  0.361000E+000
  0.564167E-001  0.431000E+000
  0.564167E-001  0.521000E+000
  0.564167E-001  0.581000E+000
  0.564167E-001  0.641000E+000
  0.564167E-001  0.711000E+000
  0.628333E-001  0.310000E-001
  0.628333E-001  0.111000E+000
  0.628333E-001  0.231000E+000
  0.628333E-001  0.301000E+000
  0.628333E-001  0.351000E+000
  0.628333E-001  0.401000E+000
  0.628333E-001  0.461000E+000
  0.628333E-001  0.501000E+000
  0.628333E-001  0.541000E+000
  0.628333E-001  0.591000E+000
  0.692500E-001  0.810000E-001
  0.692500E-001  0.201000E+000
  0.692500E-001  0.261000E+000
  0.692500E-001  0.311000E+000
  0.692500E-001  0.361000E+000
  0.692500E-001  0.421000E+000
  0.692500E-001  0.461000E+000
  0.692500E-001  0.511000E+000
  0.692500E-001  0.561000E+000
  0.692500E-001  0.611000E+000
  0.756667E-001  0.410000E-001
  0.756667E-001  0.131000E+000
  0.756667E-001  0.271000E+000
  0.756667E-001  0.321000E+000
  0.756667E-001  0.361000E+000
  0.756667E-001  0.421000E+000
  0.756667E-001  0.481000E+000
  0.756667E-001  0.531000E+000
  0.756667E-001  0.571000E+000
  0.756667E-001  0.631000E+000
  0.820833E-001  0.510000E-001
  0.820833E-001  0.151000E+000
  0.820833E-001  0.251000E+000
  0.820833E-001  0.321000E+000
  0.820833E-001  0.381000E+000
  0.820833E-001  0.441000E+000
  0.820833E-001  0.491000E+000
  0.820833E-001  0.541000E+000
  0.820833E-001  0.591000E+000
  0.820833E-001  0.641000E+000
  0.885000E-001  0.310000E-001
  0.885000E-001  0.810000E-001
  0.885000E-001  0.181000E+000
  0.885000E-001  0.241000E+000
  0.885000E-001  0.311000E+000
  0.885000E-001  0.371000E+000
  0.885000E-001  0.441000E+000
  0.885000E-001  0.501000E+000
  0.885000E-001  0.561000E+000
  0.885000E-001  0.611000E+000
  0.949167E-001  0.910000E-001
  0.949167E-001  0.201000E+000
  0.949167E-001  0.351000E+000
  0.949167E-001  0.451000E+000
  0.949167E-001  0.511000E+000
  0.949167E-001  0.571000E+000
  0.949167E-001  0.621000E+000
  0.949167E-001  0.681000E+000
  0.949167E-001  0.721000E+000
  0.949167E-001  0.761000E+000
  0.101333E+000  0.131000E+000
  0.101333E+000  0.281000E+000
  0.101333E+000  0.401000E+000
  0.101333E+000  0.461000E+000
  0.101333E+000  0.521000E+000
  0.101333E+000  0.581000E+000
  0.101333E+000  0.631000E+000
  0.101333E+000  0.691000E+000
  0.101333E+000  0.751000E+000
  0.101333E+000  0.821000E+000
  0.107750E+000  0.410000E-001
  0.107750E+000  0.171000E+000
  0.107750E+000  0.281000E+000
  0.107750E+000  0.391000E+000
  0.107750E+000  0.461000E+000
  0.107750E+000  0.531000E+000
  0.107750E+000  0.601000E+000
  0.107750E+000  0.651000E+000
  0.107750E+000  0.701000E+000
  0.107750E+000  0.751000E+000
  0.114167E+000  0.810000E-001
  0.114167E+000  0.131000E+000
  0.114167E+000  0.251000E+000
  0.114167E+000  0.341000E+000
  0.114167E+000  0.441000E+000
  0.114167E+000  0.541000E+000
  0.114167E+000  0.611000E+000
  0.114167E+000  0.671000E+000
  0.114167E+000  0.721000E+000
  0.114167E+000  0.761000E+000
  0.120583E+000  0.510000E-001
  0.120583E+000  0.141000E+000
  0.120583E+000  0.241000E+000
  0.120583E+000  0.291000E+000
  0.120583E+000  0.371000E+000
  0.120583E+000  0.441000E+000
  0.120583E+000  0.501000E+000
  0.120583E+000  0.561000E+000
  0.120583E+000  0.621000E+000
  0.120583E+000  0.681000E+000
  0.127000E+000  0.310000E-001
  0.127000E+000  0.111000E+000
  0.127000E+000  0.171000E+000
  0.127000E+000  0.201000E+000
  0.127000E+000  0.251000E+000
  0.127000E+000  0.321000E+000
  0.127000E+000  0.401000E+000
  0.127000E+000  0.451000E+000
  0.127000E+000  0.511000E+000
  0.127000E+000  0.571000E+000
  0.133417E+000  0.810000E-001
  0.133417E+000  0.161000E+000
  0.133417E+000  0.261000E+000
  0.133417E+000  0.341000E+000
  0.133417E+000  0.431000E+000
  0.133417E+000  0.531000E+000
  0.133417E+000  0.581000E+000
  0.133417E+000  0.641000E+000
  0.133417E+000  0.711000E+000
  0.133417E+000  0.761000E+000
  0.139833E+000  0.510000E-001
  0.139833E+000  0.151000E+000
  0.139833E+000  0.241000E+000
  0.139833E+000  0.271000E+000
  0.139833E+000  0.311000E+000
  0.139833E+000  0.431000E+000
  0.139833E+000  0.481000E+000
  0.139833E+000  0.541000E+000
  0.139833E+000  0.601000E+000
  0.139833E+000  0.651000E+000
  0.146250E+000  0.131000E+000
  0.146250E+000  0.201000E+000
  0.146250E+000  0.271000E+000
  0.146250E+000  0.361000E+000
  0.146250E+000  0.491000E+000
  0.146250E+000  0.551000E+000
  0.146250E+000  0.611000E+000
  0.146250E+000  0.671000E+000
  0.146250E+000  0.731000E+000
  0.146250E+000  0.791000E+000
  0.152667E+000  0.710000E-001
  0.152667E+000  0.171000E+000
  0.152667E+000  0.261000E+000
  0.152667E+000  0.321000E+000
  0.152667E+000  0.441000E+000
  0.152667E+000  0.511000E+000
  0.152667E+000  0.561000E+000
  0.152667E+000  0.631000E+000
  0.152667E+000  0.691000E+000
  0.152667E+000  0.741000E+000
  0.159083E+000  0.410000E-001
  0.159083E+000  0.141000E+000
  0.159083E+000  0.231000E+000
  0.159083E+000  0.371000E+000
  0.159083E+000  0.481000E+000
  0.159083E+000  0.531000E+000
  0.159083E+000  0.571000E+000
  0.159083E+000  0.641000E+000
  0.159083E+000  0.701000E+000
  0.159083E+000  0.761000E+000
  0.165500E+000  0.141000E+000
  0.165500E+000  0.211000E+000
  0.165500E+000  0.341000E+000
  0.165500E+000  0.421000E+000
  0.165500E+000  0.531000E+000
  0.165500E+000  0.581000E+000
  0.165500E+000  0.641000E+000
  0.165500E+000  0.711000E+000
  0.165500E+000  0.771000E+000
  0.165500E+000  0.821000E+000
  0.171917E+000  0.510000E-001
  0.171917E+000  0.910000E-001
  0.171917E+000  0.131000E+000
  0.171917E+000  0.191000E+000
  0.171917E+000  0.241000E+000
  0.171917E+000  0.291000E+000
  0.171917E+000  0.331000E+000
  0.171917E+000  0.371000E+000
  0.171917E+000  0.431000E+000
  0.171917E+000  0.471000E+000
  0.178333E+000  0.310000E-001
  0.178333E+000  0.910000E-001
  0.178333E+000  0.161000E+000
  0.178333E+000  0.221000E+000
  0.178333E+000  0.281000E+000
  0.178333E+000  0.341000E+000
  0.178333E+000  0.421000E+000
  0.178333E+000  0.531000E+000
  0.178333E+000  0.621000E+000
  0.178333E+000  0.671000E+000
  0.184750E+000  0.710000E-001
  0.184750E+000  0.151000E+000
  0.184750E+000  0.221000E+000
  0.184750E+000  0.311000E+000
  0.184750E+000  0.451000E+000
  0.184750E+000  0.491000E+000
  0.184750E+000  0.551000E+000
  0.184750E+000  0.641000E+000
  0.184750E+000  0.691000E+000
  0.184750E+000  0.741000E+000
  0.191167E+000  0.710000E-001
  0.191167E+000  0.151000E+000
  0.191167E+000  0.221000E+000
  0.191167E+000  0.301000E+000
  0.191167E+000  0.381000E+000
  0.191167E+000  0.461000E+000
  0.191167E+000  0.521000E+000
  0.191167E+000  0.651000E+000
  0.191167E+000  0.701000E+000
  0.191167E+000  0.751000E+000
  0.197583E+000  0.410000E-001
  0.197583E+000  0.141000E+000
  0.197583E+000  0.211000E+000
  0.197583E+000  0.281000E+000
  0.197583E+000  0.441000E+000
  0.197583E+000  0.521000E+000
  0.197583E+000  0.621000E+000
  0.197583E+000  0.711000E+000
  0.197583E+000  0.821000E+000
  0.197583E+000  0.891000E+000
  0.204000E+000  0.310000E-001
  0.204000E+000  0.810000E-001
  0.204000E+000  0.191000E+000
  0.204000E+000  0.251000E+000
  0.204000E+000  0.301000E+000
  0.204000E+000  0.321000E+000
  0.204000E+000  0.401000E+000
  0.204000E+000  0.501000E+000
  0.204000E+000  0.641000E+000
  0.204000E+000  0.721000E+000
  0.210417E+000  0.181000E+000
  0.210417E+000  0.241000E+000
  0.210417E+000  0.301000E+000
  0.210417E+000  0.371000E+000
  0.210417E+000  0.501000E+000
  0.210417E+000  0.561000E+000
  0.210417E+000  0.641000E+000
  0.210417E+000  0.701000E+000
  0.210417E+000  0.741000E+000
  0.210417E+000  0.791000E+000
  0.216833E+000  0.810000E-001
  0.216833E+000  0.171000E+000
  0.216833E+000  0.231000E+000
  0.216833E+000  0.291000E+000
  0.216833E+000  0.331000E+000
  0.216833E+000  0.411000E+000
  0.216833E+000  0.521000E+000
  0.216833E+000  0.621000E+000
  0.216833E+000  0.721000E+000
  0.216833E+000  0.801000E+000
  0.223250E+000  0.710000E-001
  0.223250E+000  0.131000E+000
  0.223250E+000  0.221000E+000
  0.223250E+000  0.271000E+000
  0.223250E+000  0.321000E+000
  0.223250E+000  0.471000E+000
  0.223250E+000  0.531000E+000
  0.223250E+000  0.641000E+000
  0.223250E+000  0.731000E+000
  0.223250E+000  0.821000E+000
  0.229667E+000  0.610000E-001
  0.229667E+000  0.141000E+000
  0.229667E+000  0.201000E+000
  0.229667E+000  0.261000E+000
  0.229667E+000  0.331000E+000
  0.229667E+000  0.371000E+000
  0.229667E+000  0.461000E+000
  0.229667E+000  0.501000E+000
  0.229667E+000  0.581000E+000
  0.229667E+000  0.641000E+000
  0.236083E+000  0.710000E-001
  0.236083E+000  0.141000E+000
  0.236083E+000  0.191000E+000
  0.236083E+000  0.261000E+000
  0.236083E+000  0.321000E+000
  0.236083E+000  0.391000E+000
  0.236083E+000  0.491000E+000
  0.236083E+000  0.561000E+000
  0.236083E+000  0.671000E+000
  0.236083E+000  0.751000E+000
  0.242500E+000  0.710000E-001
  0.242500E+000  0.141000E+000
  0.242500E+000  0.251000E+000
  0.242500E+000  0.311000E+000
  0.242500E+000  0.361000E+000
  0.242500E+000  0.471000E+000
  0.242500E+000  0.611000E+000
  0.242500E+000  0.681000E+000
  0.242500E+000  0.741000E+000
  0.242500E+000  0.821000E+000
  0.248917E+000  0.710000E-001
  0.248917E+000  0.131000E+000
  0.248917E+000  0.241000E+000
  0.248917E+000  0.311000E+000
  0.248917E+000  0.401000E+000
  0.248917E+000  0.561000E+000
  0.248917E+000  0.631000E+000
  0.248917E+000  0.691000E+000
  0.248917E+000  0.761000E+000
  0.248917E+000  0.841000E+000
  0.255333E+000  0.810000E-001
  0.255333E+000  0.131000E+000
  0.255333E+000  0.191000E+000
  0.255333E+000  0.291000E+000
  0.255333E+000  0.381000E+000
  0.255333E+000  0.501000E+000
  0.255333E+000  0.571000E+000
  0.255333E+000  0.641000E+000
  0.255333E+000  0.761000E+000
  0.255333E+000  0.851000E+000
  0.261750E+000  0.710000E-001
  0.261750E+000  0.121000E+000
  0.261750E+000  0.181000E+000
  0.261750E+000  0.281000E+000
  0.261750E+000  0.331000E+000
  0.261750E+000  0.421000E+000
  0.261750E+000  0.521000E+000
  0.261750E+000  0.581000E+000
  0.261750E+000  0.641000E+000
  0.261750E+000  0.681000E+000
  0.268167E+000  0.510000E-001
  0.268167E+000  0.111000E+000
  0.268167E+000  0.181000E+000
  0.268167E+000  0.271000E+000
  0.268167E+000  0.341000E+000
  0.268167E+000  0.451000E+000
  0.268167E+000  0.531000E+000
  0.268167E+000  0.601000E+000
  0.268167E+000  0.641000E+000
  0.268167E+000  0.681000E+000
  0.274583E+000  0.410000E-001
  0.274583E+000  0.111000E+000
  0.274583E+000  0.161000E+000
  0.274583E+000  0.271000E+000
  0.274583E+000  0.331000E+000
  0.274583E+000  0.391000E+000
  0.274583E+000  0.431000E+000
  0.274583E+000  0.491000E+000
  0.274583E+000  0.551000E+000
  0.274583E+000  0.611000E+000
  0.281000E+000  0.610000E-001
  0.281000E+000  0.151000E+000
  0.281000E+000  0.201000E+000
  0.281000E+000  0.241000E+000
  0.281000E+000  0.271000E+000
  0.281000E+000  0.321000E+000
  0.281000E+000  0.371000E+000
  0.281000E+000  0.431000E+000
  0.281000E+000  0.501000E+000
  0.281000E+000  0.571000E+000
  0.287417E+000  0.910000E-001
  0.287417E+000  0.201000E+000
  0.287417E+000  0.291000E+000
  0.287417E+000  0.361000E+000
  0.287417E+000  0.411000E+000
  0.287417E+000  0.471000E+000
  0.287417E+000  0.531000E+000
  0.287417E+000  0.601000E+000
  0.287417E+000  0.641000E+000
  0.287417E+000  0.681000E+000
  0.293833E+000  0.510000E-001
  0.293833E+000  0.101000E+000
  0.293833E+000  0.131000E+000
  0.293833E+000  0.191000E+000
  0.293833E+000  0.251000E+000
  0.293833E+000  0.331000E+000
  0.293833E+000  0.411000E+000
  0.293833E+000  0.551000E+000
  0.293833E+000  0.591000E+000
  0.293833E+000  0.661000E+000
  0.300250E+000  0.410000E-001
  0.300250E+000  0.121000E+000
  0.300250E+000  0.221000E+000
  0.300250E+000  0.281000E+000
  0.300250E+000  0.351000E+000
  0.300250E+000  0.501000E+000
  0.300250E+000  0.581000E+000
  0.300250E+000  0.651000E+000
  0.300250E+000  0.711000E+000
  0.300250E+000  0.811000E+000
  0.306667E+000  0.310000E-001
  0.306667E+000  0.101000E+000
  0.306667E+000  0.161000E+000
  0.306667E+000  0.211000E+000
  0.306667E+000  0.271000E+000
  0.306667E+000  0.341000E+000
  0.306667E+000  0.401000E+000
  0.306667E+000  0.491000E+000
  0.306667E+000  0.571000E+000
  0.306667E+000  0.651000E+000
  0.313083E+000  0.310000E-001
  0.313083E+000  0.710000E-001
  0.313083E+000  0.131000E+000
  0.313083E+000  0.201000E+000
  0.313083E+000  0.271000E+000
  0.313083E+000  0.341000E+000
  0.313083E+000  0.401000E+000
  0.313083E+000  0.501000E+000
  0.313083E+000  0.641000E+000
  0.313083E+000  0.711000E+000
  0.319500E+000  0.910000E-001
  0.319500E+000  0.191000E+000
  0.319500E+000  0.261000E+000
  0.319500E+000  0.331000E+000
  0.319500E+000  0.401000E+000
  0.319500E+000  0.501000E+000
  0.319500E+000  0.611000E+000
  0.319500E+000  0.661000E+000
  0.319500E+000  0.701000E+000
  0.319500E+000  0.781000E+000
  0.325917E+000  0.510000E-001
  0.325917E+000  0.161000E+000
  0.325917E+000  0.241000E+000
  0.325917E+000  0.331000E+000
  0.325917E+000  0.401000E+000
  0.325917E+000  0.471000E+000
  0.325917E+000  0.511000E+000
  0.325917E+000  0.571000E+000
  0.325917E+000  0.681000E+000
  0.325917E+000  0.741000E+000
  0.332333E+000  0.610000E-001
  0.332333E+000  0.151000E+000
  0.332333E+000  0.241000E+000
  0.332333E+000  0.331000E+000
  0.332333E+000  0.401000E+000
  0.332333E+000  0.471000E+000
  0.332333E+000  0.531000E+000
  0.332333E+000  0.661000E+000
  0.332333E+000  0.731000E+000
  0.332333E+000  0.801000E+000
  0.338750E+000  0.910000E-001
  0.338750E+000  0.161000E+000
  0.338750E+000  0.231000E+000
  0.338750E+000  0.291000E+000
  0.338750E+000  0.401000E+000
  0.338750E+000  0.471000E+000
  0.338750E+000  0.651000E+000
  0.338750E+000  0.751000E+000
  0.338750E+000  0.811000E+000
  0.338750E+000  0.861000E+000
  0.345167E+000  0.131000E+000
  0.345167E+000  0.201000E+000
  0.345167E+000  0.271000E+000
  0.345167E+000  0.331000E+000
  0.345167E+000  0.401000E+000
  0.345167E+000  0.481000E+000
  0.345167E+000  0.631000E+000
  0.345167E+000  0.721000E+000
  0.345167E+000  0.821000E+000
  0.345167E+000  0.931000E+000
  0.351583E+000  0.410000E-001
  0.351583E+000  0.121000E+000
  0.351583E+000  0.261000E+000
  0.351583E+000  0.321000E+000
  0.351583E+000  0.391000E+000
  0.351583E+000  0.491000E+000
  0.351583E+000  0.631000E+000
  0.351583E+000  0.721000E+000
  0.351583E+000  0.841000E+000
  0.351583E+000  0.921000E+000
  0.358000E+000  0.310000E-001
  0.358000E+000  0.101000E+000
  0.358000E+000  0.211000E+000
  0.358000E+000  0.261000E+000
  0.358000E+000  0.321000E+000
  0.358000E+000  0.381000E+000
  0.358000E+000  0.491000E+000
  0.358000E+000  0.661000E+000
  0.358000E+000  0.891000E+000
  0.358000E+000  0.981000E+000
  0.364417E+000  0.610000E-001
  0.364417E+000  0.201000E+000
  0.364417E+000  0.301000E+000
  0.364417E+000  0.371000E+000
  0.364417E+000  0.521000E+000
  0.364417E+000  0.671000E+000
  0.364417E+000  0.811000E+000
  0.364417E+000  0.871000E+000
  0.364417E+000  0.971000E+000
  0.364417E+000  0.113100E+001
  0.370833E+000  0.310000E-001
  0.370833E+000  0.910000E-001
  0.370833E+000  0.171000E+000
  0.370833E+000  0.281000E+000
  0.370833E+000  0.341000E+000
  0.370833E+000  0.401000E+000
  0.370833E+000  0.511000E+000
  0.370833E+000  0.671000E+000
  0.370833E+000  0.791000E+000
  0.370833E+000  0.951000E+000
  0.377250E+000  0.310000E-001
  0.377250E+000  0.810000E-001
  0.377250E+000  0.151000E+000
  0.377250E+000  0.261000E+000
  0.377250E+000  0.331000E+000
  0.377250E+000  0.391000E+000
  0.377250E+000  0.451000E+000
  0.377250E+000  0.511000E+000
  0.377250E+000  0.571000E+000
  0.377250E+000  0.691000E+000
  0.383667E+000  0.710000E-001
  0.383667E+000  0.161000E+000
  0.383667E+000  0.261000E+000
  0.383667E+000  0.321000E+000
  0.383667E+000  0.381000E+000
  0.383667E+000  0.441000E+000
  0.383667E+000  0.501000E+000
  0.383667E+000  0.581000E+000
  0.383667E+000  0.711000E+000
  0.383667E+000  0.871000E+000
  0.390083E+000  0.910000E-001
  0.390083E+000  0.231000E+000
  0.390083E+000  0.311000E+000
  0.390083E+000  0.371000E+000
  0.390083E+000  0.431000E+000
  0.390083E+000  0.521000E+000
  0.390083E+000  0.591000E+000
  0.390083E+000  0.721000E+000
  0.390083E+000  0.871000E+000
  0.390083E+000  0.961000E+000
  0.396500E+000  0.510000E-001
  0.396500E+000  0.131000E+000
  0.396500E+000  0.241000E+000
  0.396500E+000  0.291000E+000
  0.396500E+000  0.361000E+000
  0.396500E+000  0.421000E+000
  0.396500E+000  0.481000E+000
  0.396500E+000  0.561000E+000
  0.396500E+000  0.621000E+000
  0.396500E+000  0.671000E+000
  0.402917E+000  0.111000E+000
  0.402917E+000  0.191000E+000
  0.402917E+000  0.231000E+000
  0.402917E+000  0.291000E+000
  0.402917E+000  0.351000E+000
  0.402917E+000  0.411000E+000
  0.402917E+000  0.551000E+000
  0.402917E+000  0.641000E+000
  0.402917E+000  0.751000E+000
  0.402917E+000  0.881000E+000
  0.409333E+000  0.310000E-001
  0.409333E+000  0.121000E+000
  0.409333E+000  0.211000E+000
  0.409333E+000  0.281000E+000
  0.409333E+000  0.341000E+000
  0.409333E+000  0.401000E+000
  0.409333E+000  0.461000E+000
  0.409333E+000  0.581000E+000
  0.409333E+000  0.751000E+000
  0.409333E+000  0.841000E+000
  0.415750E+000  0.910000E-001
  0.415750E+000  0.191000E+000
  0.415750E+000  0.271000E+000
  0.415750E+000  0.341000E+000
  0.415750E+000  0.391000E+000
  0.415750E+000  0.451000E+000
  0.415750E+000  0.501000E+000
  0.415750E+000  0.581000E+000
  0.415750E+000  0.661000E+000
  0.415750E+000  0.701000E+000
  0.422167E+000  0.510000E-001
  0.422167E+000  0.181000E+000
  0.422167E+000  0.281000E+000
  0.422167E+000  0.331000E+000
  0.422167E+000  0.381000E+000
  0.422167E+000  0.441000E+000
  0.422167E+000  0.521000E+000
  0.422167E+000  0.651000E+000
  0.422167E+000  0.751000E+000
  0.422167E+000  0.801000E+000
  0.428583E+000  0.910000E-001
  0.428583E+000  0.171000E+000
  0.428583E+000  0.231000E+000
  0.428583E+000  0.281000E+000
  0.428583E+000  0.321000E+000
  0.428583E+000  0.381000E+000
  0.428583E+000  0.441000E+000
  0.428583E+000  0.501000E+000
  0.428583E+000  0.571000E+000
  0.428583E+000  0.651000E+000
  0.435000E+000  0.910000E-001
  0.435000E+000  0.161000E+000
  0.435000E+000  0.271000E+000
  0.435000E+000  0.321000E+000
  0.435000E+000  0.371000E+000
  0.435000E+000  0.431000E+000
  0.435000E+000  0.481000E+000
  0.435000E+000  0.561000E+000
  0.435000E+000  0.641000E+000
  0.435000E+000  0.751000E+000
  0.441417E+000  0.710000E-001
  0.441417E+000  0.201000E+000
  0.441417E+000  0.241000E+000
  0.441417E+000  0.271000E+000
  0.441417E+000  0.311000E+000
  0.441417E+000  0.361000E+000
  0.441417E+000  0.421000E+000
  0.441417E+000  0.481000E+000
  0.441417E+000  0.551000E+000
  0.441417E+000  0.601000E+000
  0.447833E+000  0.131000E+000
  0.447833E+000  0.191000E+000
  0.447833E+000  0.311000E+000
  0.447833E+000  0.401000E+000
  0.447833E+000  0.461000E+000
  0.447833E+000  0.661000E+000
  0.447833E+000  0.781000E+000
  0.447833E+000  0.861000E+000
  0.447833E+000  0.102100E+001
  0.447833E+000  0.109100E+001
  0.454250E+000  0.510000E-001
  0.454250E+000  0.111000E+000
  0.454250E+000  0.261000E+000
  0.454250E+000  0.391000E+000
  0.454250E+000  0.451000E+000
  0.454250E+000  0.511000E+000
  0.454250E+000  0.591000E+000
  0.454250E+000  0.711000E+000
  0.454250E+000  0.771000E+000
  0.454250E+000  0.871000E+000
  0.460667E+000  0.910000E-001
  0.460667E+000  0.171000E+000
  0.460667E+000  0.241000E+000
  0.460667E+000  0.281000E+000
  0.460667E+000  0.331000E+000
  0.460667E+000  0.381000E+000
  0.460667E+000  0.441000E+000
  0.460667E+000  0.501000E+000
  0.460667E+000  0.641000E+000
  0.460667E+000  0.691000E+000
  0.467083E+000  0.510000E-001
  0.467083E+000  0.181000E+000
  0.467083E+000  0.301000E+000
  0.467083E+000  0.361000E+000
  0.467083E+000  0.441000E+000
  0.467083E+000  0.501000E+000
  0.467083E+000  0.571000E+000
  0.467083E+000  0.721000E+000
  0.467083E+000  0.831000E+000
  0.467083E+000  0.921000E+000
  0.473500E+000  0.101000E+000
  0.473500E+000  0.201000E+000
  0.473500E+000  0.271000E+000
  0.473500E+000  0.361000E+000
  0.473500E+000  0.421000E+000
  0.473500E+000  0.491000E+000
  0.473500E+000  0.551000E+000
  0.473500E+000  0.741000E+000
  0.473500E+000  0.871000E+000
  0.473500E+000  0.931000E+000
  0.479917E+000  0.810000E-001
  0.479917E+000  0.141000E+000
  0.479917E+000  0.241000E+000
  0.479917E+000  0.341000E+000
  0.479917E+000  0.411000E+000
  0.479917E+000  0.471000E+000
  0.479917E+000  0.521000E+000
  0.479917E+000  0.621000E+000
  0.479917E+000  0.701000E+000
  0.479917E+000  0.741000E+000
  0.486333E+000  0.161000E+000
  0.486333E+000  0.251000E+000
  0.486333E+000  0.331000E+000
  0.486333E+000  0.401000E+000
  0.486333E+000  0.461000E+000
  0.486333E+000  0.511000E+000
  0.486333E+000  0.561000E+000
  0.486333E+000  0.601000E+000
  0.486333E+000  0.661000E+000
  0.486333E+000  0.711000E+000
  0.492750E+000  0.410000E-001
  0.492750E+000  0.101000E+000
  0.492750E+000  0.201000E+000
  0.492750E+000  0.301000E+000
  0.492750E+000  0.361000E+000
  0.492750E+000  0.451000E+000
  0.492750E+000  0.511000E+000
  0.492750E+000  0.561000E+000
  0.492750E+000  0.641000E+000
  0.492750E+000  0.751000E+000
  0.499167E+000  0.141000E+000
  0.499167E+000  0.221000E+000
  0.499167E+000  0.321000E+000
  0.499167E+000  0.441000E+000
  0.499167E+000  0.501000E+000
  0.499167E+000  0.561000E+000
  0.499167E+000  0.621000E+000
  0.499167E+000  0.671000E+000
  0.499167E+000  0.711000E+000
  0.499167E+000  0.771000E+000
  0.505583E+000  0.810000E-001
  0.505583E+000  0.121000E+000
  0.505583E+000  0.191000E+000
  0.505583E+000  0.291000E+000
  0.505583E+000  0.451000E+000
  0.505583E+000  0.501000E+000
  0.505583E+000  0.551000E+000
  0.505583E+000  0.601000E+000
  0.505583E+000  0.691000E+000
  0.505583E+000  0.751000E+000
  0.512000E+000  0.310000E-001
  0.512000E+000  0.101000E+000
  0.512000E+000  0.151000E+000
  0.512000E+000  0.231000E+000
  0.512000E+000  0.321000E+000
  0.512000E+000  0.391000E+000
  0.512000E+000  0.451000E+000
  0.512000E+000  0.511000E+000
  0.512000E+000  0.581000E+000
  0.512000E+000  0.681000E+000
  0.518417E+000  0.161000E+000
  0.518417E+000  0.301000E+000
  0.518417E+000  0.381000E+000
  0.518417E+000  0.441000E+000
  0.518417E+000  0.511000E+000
  0.518417E+000  0.651000E+000
  0.518417E+000  0.721000E+000
  0.518417E+000  0.821000E+000
  0.518417E+000  0.921000E+000
  0.518417E+000  0.104100E+001
  0.524833E+000  0.910000E-001
  0.524833E+000  0.261000E+000
  0.524833E+000  0.381000E+000
  0.524833E+000  0.421000E+000
  0.524833E+000  0.511000E+000
  0.524833E+000  0.601000E+000
  0.524833E+000  0.661000E+000
  0.524833E+000  0.731000E+000
  0.524833E+000  0.801000E+000
  0.524833E+000  0.911000E+000
  0.531250E+000  0.410000E-001
  0.531250E+000  0.111000E+000
  0.531250E+000  0.181000E+000
  0.531250E+000  0.271000E+000
  0.531250E+000  0.311000E+000
  0.531250E+000  0.361000E+000
  0.531250E+000  0.421000E+000
  0.531250E+000  0.511000E+000
  0.531250E+000  0.581000E+000
  0.531250E+000  0.691000E+000
  0.537667E+000  0.710000E-001
  0.537667E+000  0.141000E+000
  0.537667E+000  0.241000E+000
  0.537667E+000  0.341000E+000
  0.537667E+000  0.411000E+000
  0.537667E+000  0.501000E+000
  0.537667E+000  0.561000E+000
  0.537667E+000  0.711000E+000
  0.537667E+000  0.771000E+000
  0.537667E+000  0.821000E+000
  0.544083E+000  0.410000E-001
  0.544083E+000  0.101000E+000
  0.544083E+000  0.161000E+000
  0.544083E+000  0.231000E+000
  0.544083E+000  0.321000E+000
  0.544083E+000  0.401000E+000
  0.544083E+000  0.481000E+000
  0.544083E+000  0.571000E+000
  0.544083E+000  0.651000E+000
  0.544083E+000  0.701000E+000
  0.550500E+000  0.111000E+000
  0.550500E+000  0.201000E+000
  0.550500E+000  0.271000E+000
  0.550500E+000  0.351000E+000
  0.550500E+000  0.411000E+000
  0.550500E+000  0.471000E+000
  0.550500E+000  0.511000E+000
  0.550500E+000  0.571000E+000
  0.550500E+000  0.641000E+000
  0.550500E+000  0.711000E+000
  0.556917E+000  0.510000E-001
  0.556917E+000  0.111000E+000
  0.556917E+000  0.171000E+000
  0.556917E+000  0.221000E+000
  0.556917E+000  0.271000E+000
  0.556917E+000  0.341000E+000
  0.556917E+000  0.391000E+000
  0.556917E+000  0.451000E+000
  0.556917E+000  0.501000E+000
  0.556917E+000  0.561000E+000
  0.563333E+000  0.710000E-001
  0.563333E+000  0.131000E+000
  0.563333E+000  0.191000E+000
  0.563333E+000  0.261000E+000
  0.563333E+000  0.361000E+000
  0.563333E+000  0.421000E+000
  0.563333E+000  0.471000E+000
  0.563333E+000  0.521000E+000
  0.563333E+000  0.571000E+000
  0.563333E+000  0.681000E+000
  0.569750E+000  0.610000E-001
  0.569750E+000  0.131000E+000
  0.569750E+000  0.201000E+000
  0.569750E+000  0.321000E+000
  0.569750E+000  0.401000E+000
  0.569750E+000  0.471000E+000
  0.569750E+000  0.531000E+000
  0.569750E+000  0.621000E+000
  0.569750E+000  0.721000E+000
  0.569750E+000  0.841000E+000
  0.576167E+000  0.410000E-001
  0.576167E+000  0.181000E+000
  0.576167E+000  0.241000E+000
  0.576167E+000  0.301000E+000
  0.576167E+000  0.381000E+000
  0.576167E+000  0.501000E+000
  0.576167E+000  0.661000E+000
  0.576167E+000  0.731000E+000
  0.576167E+000  0.811000E+000
  0.576167E+000  0.871000E+000
  0.582583E+000  0.710000E-001
  0.582583E+000  0.141000E+000
  0.582583E+000  0.171000E+000
  0.582583E+000  0.211000E+000
  0.582583E+000  0.261000E+000
  0.582583E+000  0.341000E+000
  0.582583E+000  0.461000E+000
  0.582583E+000  0.561000E+000
  0.582583E+000  0.641000E+000
  0.582583E+000  0.711000E+000
  0.589000E+000  0.310000E-001
  0.589000E+000  0.111000E+000
  0.589000E+000  0.151000E+000
  0.589000E+000  0.191000E+000
  0.589000E+000  0.241000E+000
  0.589000E+000  0.311000E+000
  0.589000E+000  0.421000E+000
  0.589000E+000  0.521000E+000
  0.589000E+000  0.681000E+000
  0.589000E+000  0.751000E+000
  0.595417E+000  0.710000E-001
  0.595417E+000  0.121000E+000
  0.595417E+000  0.201000E+000
  0.595417E+000  0.251000E+000
  0.595417E+000  0.331000E+000
  0.595417E+000  0.391000E+000
  0.595417E+000  0.501000E+000
  0.595417E+000  0.581000E+000
  0.595417E+000  0.661000E+000
  0.595417E+000  0.781000E+000
  0.601833E+000  0.101000E+000
  0.601833E+000  0.211000E+000
  0.601833E+000  0.271000E+000
  0.601833E+000  0.311000E+000
  0.601833E+000  0.341000E+000
  0.601833E+000  0.381000E+000
  0.601833E+000  0.411000E+000
  0.601833E+000  0.441000E+000
  0.601833E+000  0.481000E+000
  0.601833E+000  0.541000E+000
  0.608250E+000  0.101000E+000
  0.608250E+000  0.171000E+000
  0.608250E+000  0.231000E+000
  0.608250E+000  0.341000E+000
  0.608250E+000  0.401000E+000
  0.608250E+000  0.471000E+000
  0.608250E+000  0.611000E+000
  0.608250E+000  0.701000E+000
  0.608250E+000  0.811000E+000
  0.608250E+000  0.901000E+000
  0.614667E+000  0.310000E-001
  0.614667E+000  0.141000E+000
  0.614667E+000  0.191000E+000
  0.614667E+000  0.251000E+000
  0.614667E+000  0.321000E+000
  0.614667E+000  0.371000E+000
  0.614667E+000  0.461000E+000
  0.614667E+000  0.541000E+000
  0.614667E+000  0.591000E+000
  0.614667E+000  0.731000E+000
  0.621083E+000  0.610000E-001
  0.621083E+000  0.121000E+000
  0.621083E+000  0.161000E+000
  0.621083E+000  0.201000E+000
  0.621083E+000  0.241000E+000
  0.621083E+000  0.301000E+000
  0.621083E+000  0.331000E+000
  0.621083E+000  0.371000E+000
  0.621083E+000  0.411000E+000
  0.621083E+000  0.451000E+000
  0.627500E+000  0.510000E-001
  0.627500E+000  0.191000E+000
  0.627500E+000  0.261000E+000
  0.627500E+000  0.331000E+000
  0.627500E+000  0.381000E+000
  0.627500E+000  0.461000E+000
  0.627500E+000  0.531000E+000
  0.627500E+000  0.641000E+000
  0.627500E+000  0.711000E+000
  0.627500E+000  0.761000E+000
  0.633917E+000  0.810000E-001
  0.633917E+000  0.161000E+000
  0.633917E+000  0.221000E+000
  0.633917E+000  0.271000E+000
  0.633917E+000  0.301000E+000
  0.633917E+000  0.351000E+000
  0.633917E+000  0.401000E+000
  0.633917E+000  0.441000E+000
  0.633917E+000  0.501000E+000
  0.633917E+000  0.561000E+000
  0.640333E+000  0.810000E-001
  0.640333E+000  0.131000E+000
  0.640333E+000  0.181000E+000
  0.640333E+000  0.231000E+000
  0.640333E+000  0.271000E+000
  0.640333E+000  0.321000E+000
  0.640333E+000  0.371000E+000
  0.640333E+000  0.421000E+000
  0.640333E+000  0.471000E+000
  0.640333E+000  0.521000E+000
  0.646750E+000  0.410000E-001
  0.646750E+000  0.101000E+000
  0.646750E+000  0.151000E+000
  0.646750E+000  0.191000E+000
  0.646750E+000  0.241000E+000
  0.646750E+000  0.291000E+000
  0.646750E+000  0.371000E+000
  0.646750E+000  0.461000E+000
  0.646750E+000  0.571000E+000
  0.646750E+000  0.631000E+000
  0.653167E+000  0.510000E-001
  0.653167E+000  0.111000E+000
  0.653167E+000  0.191000E+000
  0.653167E+000  0.251000E+000
  0.653167E+000  0.311000E+000
  0.653167E+000  0.341000E+000
  0.653167E+000  0.391000E+000
  0.653167E+000  0.521000E+000
  0.653167E+000  0.601000E+000
  0.653167E+000  0.651000E+000
  0.659583E+000  0.810000E-001
  0.659583E+000  0.161000E+000
  0.659583E+000  0.211000E+000
  0.659583E+000  0.281000E+000
  0.659583E+000  0.351000E+000
  0.659583E+000  0.461000E+000
  0.659583E+000  0.561000E+000
  0.659583E+000  0.631000E+000
  0.659583E+000  0.691000E+000
  0.659583E+000  0.741000E+000
  0.666000E+000  0.710000E-001
  0.666000E+000  0.131000E+000
  0.666000E+000  0.211000E+000
  0.666000E+000  0.261000E+000
  0.666000E+000  0.331000E+000
  0.666000E+000  0.391000E+000
  0.666000E+000  0.491000E+000
  0.666000E+000  0.571000E+000
  0.666000E+000  0.611000E+000
  0.666000E+000  0.661000E+000
  0.672417E+000  0.310000E-001
  0.672417E+000  0.111000E+000
  0.672417E+000  0.191000E+000
  0.672417E+000  0.241000E+000
  0.672417E+000  0.301000E+000
  0.672417E+000  0.351000E+000
  0.672417E+000  0.431000E+000
  0.672417E+000  0.541000E+000
  0.672417E+000  0.591000E+000
  0.672417E+000  0.651000E+000
  0.678833E+000  0.310000E-001
  0.678833E+000  0.810000E-001
  0.678833E+000  0.141000E+000
  0.678833E+000  0.181000E+000
  0.678833E+000  0.231000E+000
  0.678833E+000  0.281000E+000
  0.678833E+000  0.321000E+000
  0.678833E+000  0.371000E+000
  0.678833E+000  0.441000E+000
  0.678833E+000  0.501000E+000
  0.685250E+000  0.710000E-001
  0.685250E+000  0.161000E+000
  0.685250E+000  0.211000E+000
  0.685250E+000  0.251000E+000
  0.685250E+000  0.301000E+000
  0.685250E+000  0.331000E+000
  0.685250E+000  0.371000E+000
  0.685250E+000  0.421000E+000
  0.685250E+000  0.451000E+000
  0.685250E+000  0.501000E+000
  0.691667E+000  0.410000E-001
  0.691667E+000  0.121000E+000
  0.691667E+000  0.191000E+000
  0.691667E+000  0.271000E+000
  0.691667E+000  0.401000E+000
  0.691667E+000  0.451000E+000
  0.691667E+000  0.521000E+000
  0.691667E+000  0.581000E+000
  0.691667E+000  0.631000E+000
  0.691667E+000  0.681000E+000
  0.698083E+000  0.410000E-001
  0.698083E+000  0.171000E+000
  0.698083E+000  0.241000E+000
  0.698083E+000  0.351000E+000
  0.698083E+000  0.461000E+000
  0.698083E+000  0.561000E+000
  0.698083E+000  0.621000E+000
  0.698083E+000  0.661000E+000
  0.698083E+000  0.711000E+000
  0.698083E+000  0.811000E+000
  0.704500E+000  0.710000E-001
  0.704500E+000  0.151000E+000
  0.704500E+000  0.221000E+000
  0.704500E+000  0.291000E+000
  0.704500E+000  0.381000E+000
  0.704500E+000  0.491000E+000
  0.704500E+000  0.561000E+000
  0.704500E+000  0.631000E+000
  0.704500E+000  0.741000E+000
  0.704500E+000  0.831000E+000
  0.710917E+000  0.310000E-001
  0.710917E+000  0.111000E+000
  0.710917E+000  0.191000E+000
  0.710917E+000  0.241000E+000
  0.710917E+000  0.321000E+000
  0.710917E+000  0.441000E+000
  0.710917E+000  0.531000E+000
  0.710917E+000  0.631000E+000
  0.710917E+000  0.731000E+000
  0.710917E+000  0.881000E+000
  0.717333E+000  0.610000E-001
  0.717333E+000  0.111000E+000
  0.717333E+000  0.201000E+000
  0.717333E+000  0.311000E+000
  0.717333E+000  0.371000E+000
  0.717333E+000  0.411000E+000
  0.717333E+000  0.451000E+000
  0.717333E+000  0.521000E+000
  0.717333E+000  0.591000E+000
  0.717333E+000  0.661000E+000
  0.723750E+000  0.710000E-001
  0.723750E+000  0.171000E+000
  0.723750E+000  0.261000E+000
  0.723750E+000  0.351000E+000
  0.723750E+000  0.401000E+000
  0.723750E+000  0.491000E+000
  0.723750E+000  0.541000E+000
  0.723750E+000  0.621000E+000
  0.723750E+000  0.711000E+000
  0.723750E+000  0.811000E+000
  0.730167E+000  0.310000E-001
  0.730167E+000  0.101000E+000
  0.730167E+000  0.201000E+000
  0.730167E+000  0.321000E+000
  0.730167E+000  0.461000E+000
  0.730167E+000  0.511000E+000
  0.730167E+000  0.581000E+000
  0.730167E+000  0.641000E+000
  0.730167E+000  0.771000E+000
  0.730167E+000  0.841000E+000
  0.736583E+000  0.610000E-001
  0.736583E+000  0.141000E+000
  0.736583E+000  0.241000E+000
  0.736583E+000  0.301000E+000
  0.736583E+000  0.421000E+000
  0.736583E+000  0.471000E+000
  0.736583E+000  0.521000E+000
  0.736583E+000  0.601000E+000
  0.736583E+000  0.671000E+000
  0.736583E+000  0.741000E+000
  0.743000E+000  0.910000E-001
  0.743000E+000  0.171000E+000
  0.743000E+000  0.221000E+000
  0.743000E+000  0.281000E+000
  0.743000E+000  0.391000E+000
  0.743000E+000  0.441000E+000
  0.743000E+000  0.491000E+000
  0.743000E+000  0.571000E+000
  0.743000E+000  0.621000E+000
  0.743000E+000  0.681000E+000
  0.749417E+000  0.410000E-001
  0.749417E+000  0.121000E+000
  0.749417E+000  0.211000E+000
  0.749417E+000  0.271000E+000
  0.749417E+000  0.351000E+000
  0.749417E+000  0.421000E+000
  0.749417E+000  0.461000E+000
  0.749417E+000  0.531000E+000
  0.749417E+000  0.661000E+000
  0.749417E+000  0.721000E+000
  0.755833E+000  0.101000E+000
  0.755833E+000  0.141000E+000
  0.755833E+000  0.251000E+000
  0.755833E+000  0.391000E+000
  0.755833E+000  0.491000E+000
  0.755833E+000  0.581000E+000
  0.755833E+000  0.701000E+000
  0.755833E+000  0.841000E+000
  0.755833E+000  0.951000E+000
  0.755833E+000  0.104100E+001
  0.762250E+000  0.510000E-001
  0.762250E+000  0.101000E+000
  0.762250E+000  0.171000E+000
  0.762250E+000  0.331000E+000
  0.762250E+000  0.461000E+000
  0.762250E+000  0.551000E+000
  0.762250E+000  0.611000E+000
  0.762250E+000  0.681000E+000
  0.762250E+000  0.791000E+000
  0.762250E+000  0.881000E+000
  0.768667E+000  0.610000E-001
  0.768667E+000  0.141000E+000
  0.768667E+000  0.241000E+000
  0.768667E+000  0.311000E+000
  0.768667E+000  0.371000E+000
  0.768667E+000  0.471000E+000
  0.768667E+000  0.541000E+000
  0.768667E+000  0.601000E+000
  0.768667E+000  0.661000E+000
  0.768667E+000  0.751000E+000
  0.775083E+000  0.610000E-001
  0.775083E+000  0.111000E+000
  0.775083E+000  0.151000E+000
  0.775083E+000  0.201000E+000
  0.775083E+000  0.261000E+000
  0.775083E+000  0.331000E+000
  0.775083E+000  0.381000E+000
  0.775083E+000  0.441000E+000
  0.775083E+000  0.501000E+000
  0.775083E+000  0.601000E+000
  0.781500E+000  0.310000E-001
  0.781500E+000  0.121000E+000
  0.781500E+000  0.191000E+000
  0.781500E+000  0.251000E+000
  0.781500E+000  0.321000E+000
  0.781500E+000  0.391000E+000
  0.781500E+000  0.451000E+000
  0.781500E+000  0.521000E+000
  0.781500E+000  0.561000E+000
  0.781500E+000  0.611000E+000
  0.787917E+000  0.710000E-001
  0.787917E+000  0.161000E+000
  0.787917E+000  0.211000E+000
  0.787917E+000  0.271000E+000
  0.787917E+000  0.381000E+000
  0.787917E+000  0.461000E+000
  0.787917E+000  0.511000E+000
  0.787917E+000  0.561000E+000
  0.787917E+000  0.621000E+000
  0.787917E+000  0.741000E+000
  0.794333E+000  0.410000E-001
  0.794333E+000  0.101000E+000
  0.794333E+000  0.151000E+000
  0.794333E+000  0.201000E+000
  0.794333E+000  0.261000E+000
  0.794333E+000  0.391000E+000
  0.794333E+000  0.471000E+000
  0.794333E+000  0.531000E+000
  0.794333E+000  0.601000E+000
  0.794333E+000  0.741000E+000
  0.800750E+000  0.101000E+000
  0.800750E+000  0.181000E+000
  0.800750E+000  0.241000E+000
  0.800750E+000  0.321000E+000
  0.800750E+000  0.391000E+000
  0.800750E+000  0.471000E+000
  0.800750E+000  0.591000E+000
  0.800750E+000  0.691000E+000
  0.800750E+000  0.791000E+000
  0.800750E+000  0.881000E+000
  0.807167E+000  0.111000E+000
  0.807167E+000  0.191000E+000
  0.807167E+000  0.281000E+000
  0.807167E+000  0.331000E+000
  0.807167E+000  0.401000E+000
  0.807167E+000  0.471000E+000
  0.807167E+000  0.601000E+000
  0.807167E+000  0.671000E+000
  0.807167E+000  0.741000E+000
  0.807167E+000  0.801000E+000
  0.813583E+000  0.710000E-001
  0.813583E+000  0.121000E+000
  0.813583E+000  0.161000E+000
  0.813583E+000  0.221000E+000
  0.813583E+000  0.321000E+000
  0.813583E+000  0.411000E+000
  0.813583E+000  0.471000E+000
  0.813583E+000  0.531000E+000
  0.813583E+000  0.571000E+000
  0.813583E+000  0.641000E+000
  0.820000E+000  0.510000E-001
  0.820000E+000  0.111000E+000
  0.820000E+000  0.151000E+000
  0.820000E+000  0.191000E+000
  0.820000E+000  0.241000E+000
  0.820000E+000  0.321000E+000
  0.820000E+000  0.391000E+000
  0.820000E+000  0.461000E+000
  0.820000E+000  0.521000E+000
  0.820000E+000  0.601000E+000
  0.826417E+000  0.310000E-001
  0.826417E+000  0.141000E+000
  0.826417E+000  0.191000E+000
  0.826417E+000  0.251000E+000
  0.826417E+000  0.301000E+000
  0.826417E+000  0.351000E+000
  0.826417E+000  0.401000E+000
  0.826417E+000  0.511000E+000
  0.826417E+000  0.581000E+000
  0.826417E+000  0.621000E+000
  0.832833E+000  0.710000E-001
  0.832833E+000  0.121000E+000
  0.832833E+000  0.211000E+000
  0.832833E+000  0.281000E+000
  0.832833E+000  0.341000E+000
  0.832833E+000  0.421000E+000
  0.832833E+000  0.511000E+000
  0.832833E+000  0.561000E+000
  0.832833E+000  0.601000E+000
  0.832833E+000  0.631000E+000
  0.839250E+000  0.910000E-001
  0.839250E+000  0.171000E+000
  0.839250E+000  0.231000E+000
  0.839250E+000  0.331000E+000
  0.839250E+000  0.401000E+000
  0.839250E+000  0.511000E+000
  0.839250E+000  0.621000E+000
  0.839250E+000  0.701000E+000
  0.839250E+000  0.801000E+000
  0.839250E+000  0.921000E+000
  0.845667E+000  0.510000E-001
  0.845667E+000  0.111000E+000
  0.845667E+000  0.151000E+000
  0.845667E+000  0.191000E+000
  0.845667E+000  0.251000E+000
  0.845667E+000  0.281000E+000
  0.845667E+000  0.321000E+000
  0.845667E+000  0.371000E+000
  0.845667E+000  0.481000E+000
  0.845667E+000  0.561000E+000
  0.852083E+000  0.810000E-001
  0.852083E+000  0.141000E+000
  0.852083E+000  0.181000E+000
  0.852083E+000  0.261000E+000
  0.852083E+000  0.311000E+000
  0.852083E+000  0.351000E+000
  0.852083E+000  0.391000E+000
  0.852083E+000  0.441000E+000
  0.852083E+000  0.491000E+000
  0.852083E+000  0.551000E+000
  0.858500E+000  0.510000E-001
  0.858500E+000  0.111000E+000
  0.858500E+000  0.161000E+000
  0.858500E+000  0.241000E+000
  0.858500E+000  0.291000E+000
  0.858500E+000  0.411000E+000
  0.858500E+000  0.481000E+000
  0.858500E+000  0.541000E+000
  0.858500E+000  0.591000E+000
  0.858500E+000  0.671000E+000
  0.864917E+000  0.310000E-001
  0.864917E+000  0.121000E+000
  0.864917E+000  0.181000E+000
  0.864917E+000  0.231000E+000
  0.864917E+000  0.271000E+000
  0.864917E+000  0.351000E+000
  0.864917E+000  0.461000E+000
  0.864917E+000  0.541000E+000
  0.864917E+000  0.621000E+000
  0.864917E+000  0.671000E+000
  0.871333E+000  0.310000E-001
  0.871333E+000  0.910000E-001
  0.871333E+000  0.151000E+000
  0.871333E+000  0.211000E+000
  0.871333E+000  0.261000E+000
  0.871333E+000  0.311000E+000
  0.871333E+000  0.441000E+000
  0.871333E+000  0.541000E+000
  0.871333E+000  0.601000E+000
  0.871333E+000  0.681000E+000
  0.877750E+000  0.121000E+000
  0.877750E+000  0.171000E+000
  0.877750E+000  0.221000E+000
  0.877750E+000  0.301000E+000
  0.877750E+000  0.411000E+000
  0.877750E+000  0.501000E+000
  0.877750E+000  0.541000E+000
  0.877750E+000  0.581000E+000
  0.877750E+000  0.641000E+000
  0.877750E+000  0.701000E+000
  0.884167E+000  0.510000E-001
  0.884167E+000  0.151000E+000
  0.884167E+000  0.181000E+000
  0.884167E+000  0.221000E+000
  0.884167E+000  0.311000E+000
  0.884167E+000  0.381000E+000
  0.884167E+000  0.431000E+000
  0.884167E+000  0.491000E+000
  0.884167E+000  0.601000E+000
  0.884167E+000  0.701000E+000
  0.890583E+000  0.121000E+000
  0.890583E+000  0.191000E+000
  0.890583E+000  0.291000E+000
  0.890583E+000  0.371000E+000
  0.890583E+000  0.441000E+000
  0.890583E+000  0.501000E+000
  0.890583E+000  0.611000E+000
  0.890583E+000  0.691000E+000
  0.890583E+000  0.781000E+000
  0.890583E+000  0.821000E+000
  0.897000E+000  0.310000E-001
  0.897000E+000  0.810000E-001
  0.897000E+000  0.131000E+000
  0.897000E+000  0.261000E+000
  0.897000E+000  0.331000E+000
  0.897000E+000  0.391000E+000
  0.897000E+000  0.461000E+000
  0.897000E+000  0.521000E+000
  0.897000E+000  0.601000E+000
  0.897000E+000  0.671000E+000
  0.903417E+000  0.310000E-001
  0.903417E+000  0.710000E-001
  0.903417E+000  0.121000E+000
  0.903417E+000  0.171000E+000
  0.903417E+000  0.221000E+000
  0.903417E+000  0.281000E+000
  0.903417E+000  0.361000E+000
  0.903417E+000  0.411000E+000
  0.903417E+000  0.471000E+000
  0.903417E+000  0.571000E+000
  0.909833E+000  0.710000E-001
  0.909833E+000  0.111000E+000
  0.909833E+000  0.161000E+000
  0.909833E+000  0.221000E+000
  0.909833E+000  0.321000E+000
  0.909833E+000  0.381000E+000
  0.909833E+000  0.441000E+000
  0.909833E+000  0.511000E+000
  0.909833E+000  0.641000E+000
  0.909833E+000  0.721000E+000
  0.916250E+000  0.910000E-001
  0.916250E+000  0.161000E+000
  0.916250E+000  0.231000E+000
  0.916250E+000  0.331000E+000
  0.916250E+000  0.381000E+000
  0.916250E+000  0.491000E+000
  0.916250E+000  0.561000E+000
  0.916250E+000  0.631000E+000
  0.916250E+000  0.701000E+000
  0.916250E+000  0.771000E+000
  0.922667E+000  0.810000E-001
  0.922667E+000  0.141000E+000
  0.922667E+000  0.191000E+000
  0.922667E+000  0.311000E+000
  0.922667E+000  0.411000E+000
  0.922667E+000  0.451000E+000
  0.922667E+000  0.501000E+000
  0.922667E+000  0.571000E+000
  0.922667E+000  0.691000E+000
  0.922667E+000  0.791000E+000
  0.929083E+000  0.710000E-001
  0.929083E+000  0.191000E+000
  0.929083E+000  0.261000E+000
  0.929083E+000  0.331000E+000
  0.929083E+000  0.401000E+000
  0.929083E+000  0.471000E+000
  0.929083E+000  0.561000E+000
  0.929083E+000  0.611000E+000
  0.929083E+000  0.641000E+000
  0.929083E+000  0.721000E+000
  0.935500E+000  0.410000E-001
  0.935500E+000  0.111000E+000
  0.935500E+000  0.221000E+000
  0.935500E+000  0.311000E+000
  0.935500E+000  0.441000E+000
  0.935500E+000  0.491000E+000
  0.935500E+000  0.541000E+000
  0.935500E+000  0.681000E+000
  0.935500E+000  0.771000E+000
  0.935500E+000  0.841000E+000
  0.941917E+000  0.310000E-001
  0.941917E+000  0.101000E+000
  0.941917E+000  0.171000E+000
  0.941917E+000  0.261000E+000
  0.941917E+000  0.321000E+000
  0.941917E+000  0.441000E+000
  0.941917E+000  0.491000E+000
  0.941917E+000  0.531000E+000
  0.941917E+000  0.581000E+000
  0.941917E+000  0.641000E+000
  0.948333E+000  0.410000E-001
  0.948333E+000  0.101000E+000
  0.948333E+000  0.161000E+000
  0.948333E+000  0.221000E+000
  0.948333E+000  0.281000E+000
  0.948333E+000  0.351000E+000
  0.948333E+000  0.441000E+000
  0.948333E+000  0.541000E+000
  0.948333E+000  0.621000E+000
  0.948333E+000  0.681000E+000
  0.954750E+000  0.310000E-001
  0.954750E+000  0.101000E+000
  0.954750E+000  0.141000E+000
  0.954750E+000  0.231000E+000
  0.954750E+000  0.291000E+000
  0.954750E+000  0.351000E+000
  0.954750E+000  0.421000E+000
  0.954750E+000  0.521000E+000
  0.954750E+000  0.611000E+000
  0.954750E+000  0.661000E+000
  0.961167E+000  0.610000E-001
  0.961167E+000  0.131000E+000
  0.961167E+000  0.181000E+000
  0.961167E+000  0.251000E+000
  0.961167E+000  0.321000E+000
  0.961167E+000  0.401000E+000
  0.961167E+000  0.441000E+000
  0.961167E+000  0.541000E+000
  0.961167E+000  0.601000E+000
  0.961167E+000  0.631000E+000
  0.967583E+000  0.510000E-001
  0.967583E+000  0.910000E-001
  0.967583E+000  0.131000E+000
  0.967583E+000  0.211000E+000
  0.967583E+000  0.281000E+000
  0.967583E+000  0.381000E+000
  0.967583E+000  0.431000E+000
  0.967583E+000  0.471000E+000
  0.967583E+000  0.541000E+000
  0.967583E+000  0.631000E+000
  0.974000E+000  0.910000E-001
  0.974000E+000  0.171000E+000
  0.974000E+000  0.251000E+000
  0.974000E+000  0.321000E+000
  0.974000E+000  0.401000E+000
  0.974000E+000  0.461000E+000
  0.974000E+000  0.511000E+000
  0.974000E+000  0.581000E+000
  0.974000E+000  0.641000E+000
  0.974000E+000  0.701000E+000
  0.980417E+000  0.610000E-001
  0.980417E+000  0.111000E+000
  0.980417E+000  0.181000E+000
  0.980417E+000  0.241000E+000
  0.980417E+000  0.281000E+000
  0.980417E+000  0.331000E+000
  0.980417E+000  0.371000E+000
  0.980417E+000  0.421000E+000
  0.980417E+000  0.511000E+000
  0.980417E+000  0.581000E+000
  0.986833E+000  0.510000E-001
  0.986833E+000  0.810000E-001
  0.986833E+000  0.141000E+000
  0.986833E+000  0.201000E+000
  0.986833E+000  0.281000E+000
  0.986833E+000  0.351000E+000
  0.986833E+000  0.431000E+000
  0.986833E+000  0.551000E+000
  0.986833E+000  0.651000E+000
  0.986833E+000  0.711000E+000
  0.993250E+000  0.910000E-001
  0.993250E+000  0.151000E+000
  0.993250E+000  0.221000E+000
  0.993250E+000  0.331000E+000
  0.993250E+000  0.401000E+000
  0.993250E+000  0.511000E+000
  0.993250E+000  0.571000E+000
  0.993250E+000  0.621000E+000
  0.993250E+000  0.681000E+000
  0.993250E+000  0.741000E+000
  0.999667E+000  0.510000E-001
  0.999667E+000  0.910000E-001
  0.999667E+000  0.141000E+000
  0.999667E+000  0.211000E+000
  0.999667E+000  0.261000E+000
  0.999667E+000  0.321000E+000
  0.999667E+000  0.401000E+000
  0.999667E+000  0.451000E+000
  0.999667E+000  0.491000E+000
  0.999667E+000  0.531000E+000
  0.100608E+001  0.610000E-001
  0.100608E+001  0.111000E+000
  0.100608E+001  0.161000E+000
  0.100608E+001  0.211000E+000
  0.100608E+001  0.251000E+000
  0.100608E+001  0.301000E+000
  0.100608E+001  0.371000E+000
  0.100608E+001  0.421000E+000
  0.100608E+001  0.451000E+000
  0.100608E+001  0.491000E+000
  0.101250E+001  0.510000E-001
  0.101250E+001  0.910000E-001
  0.101250E+001  0.141000E+000
  0.101250E+001  0.191000E+000
  0.101250E+001  0.261000E+000
  0.101250E+001  0.311000E+000
  0.101250E+001  0.411000E+000
  0.101250E+001  0.481000E+000
  0.101250E+001  0.521000E+000
  0.101250E+001  0.561000E+000
  0.101892E+001  0.910000E-001
  0.101892E+001  0.151000E+000
  0.101892E+001  0.201000E+000
  0.101892E+001  0.251000E+000
  0.101892E+001  0.311000E+000
  0.101892E+001  0.371000E+000
  0.101892E+001  0.451000E+000
  0.101892E+001  0.511000E+000
  0.101892E+001  0.561000E+000
  0.101892E+001  0.611000E+000
  0.102533E+001  0.710000E-001
  0.102533E+001  0.131000E+000
  0.102533E+001  0.161000E+000
  0.102533E+001  0.201000E+000
  0.102533E+001  0.281000E+000
  0.102533E+001  0.341000E+000
  0.102533E+001  0.401000E+000
  0.102533E+001  0.461000E+000
  0.102533E+001  0.521000E+000
  0.102533E+001  0.591000E+000
  0.103175E+001  0.310000E-001
  0.103175E+001  0.710000E-001
  0.103175E+001  0.131000E+000
  0.103175E+001  0.211000E+000
  0.103175E+001  0.251000E+000
  0.103175E+001  0.301000E+000
  0.103175E+001  0.371000E+000
  0.103175E+001  0.441000E+000
  0.103175E+001  0.511000E+000
  0.103175E+001  0.601000E+000
  0.103817E+001  0.510000E-001
  0.103817E+001  0.910000E-001
  0.103817E+001  0.121000E+000
  0.103817E+001  0.191000E+000
  0.103817E+001  0.231000E+000
  0.103817E+001  0.261000E+000
  0.103817E+001  0.331000E+000
  0.103817E+001  0.401000E+000
  0.103817E+001  0.501000E+000
  0.103817E+001  0.641000E+000
  0.104458E+001  0.710000E-001
  0.104458E+001  0.111000E+000
  0.104458E+001  0.151000E+000
  0.104458E+001  0.221000E+000
  0.104458E+001  0.281000E+000
  0.104458E+001  0.331000E+000
  0.104458E+001  0.381000E+000
  0.104458E+001  0.451000E+000
  0.104458E+001  0.491000E+000
  0.104458E+001  0.551000E+000
  0.105100E+001  0.510000E-001
  0.105100E+001  0.111000E+000
  0.105100E+001  0.191000E+000
  0.105100E+001  0.241000E+000
  0.105100E+001  0.271000E+000
  0.105100E+001  0.321000E+000
  0.105100E+001  0.371000E+000
  0.105100E+001  0.421000E+000
  0.105100E+001  0.481000E+000
  0.105100E+001  0.541000E+000
  0.105742E+001  0.610000E-001
  0.105742E+001  0.171000E+000
  0.105742E+001  0.221000E+000
  0.105742E+001  0.271000E+000
  0.105742E+001  0.311000E+000
  0.105742E+001  0.341000E+000
  0.105742E+001  0.391000E+000
  0.105742E+001  0.461000E+000
  0.105742E+001  0.531000E+000
  0.105742E+001  0.591000E+000
  0.106383E+001  0.410000E-001
  0.106383E+001  0.710000E-001
  0.106383E+001  0.131000E+000
  0.106383E+001  0.211000E+000
  0.106383E+001  0.251000E+000
  0.106383E+001  0.291000E+000
  0.106383E+001  0.351000E+000
  0.106383E+001  0.431000E+000
  0.106383E+001  0.501000E+000
  0.106383E+001  0.551000E+000
  0.107025E+001  0.710000E-001
  0.107025E+001  0.151000E+000
  0.107025E+001  0.231000E+000
  0.107025E+001  0.331000E+000
  0.107025E+001  0.381000E+000
  0.107025E+001  0.431000E+000
  0.107025E+001  0.481000E+000
  0.107025E+001  0.521000E+000
  0.107025E+001  0.591000E+000
  0.107025E+001  0.651000E+000
  0.107667E+001  0.510000E-001
  0.107667E+001  0.141000E+000
  0.107667E+001  0.191000E+000
  0.107667E+001  0.241000E+000
  0.107667E+001  0.281000E+000
  0.107667E+001  0.341000E+000
  0.107667E+001  0.421000E+000
  0.107667E+001  0.471000E+000
  0.107667E+001  0.511000E+000
  0.107667E+001  0.581000E+000
  0.108308E+001  0.510000E-001
  0.108308E+001  0.111000E+000
  0.108308E+001  0.151000E+000
  0.108308E+001  0.181000E+000
  0.108308E+001  0.221000E+000
  0.108308E+001  0.271000E+000
  0.108308E+001  0.321000E+000
  0.108308E+001  0.391000E+000
  0.108308E+001  0.471000E+000
  0.108308E+001  0.531000E+000
  0.108950E+001  0.710000E-001
  0.108950E+001  0.121000E+000
  0.108950E+001  0.161000E+000
  0.108950E+001  0.201000E+000
  0.108950E+001  0.251000E+000
  0.108950E+001  0.301000E+000
  0.108950E+001  0.341000E+000
  0.108950E+001  0.401000E+000
  0.108950E+001  0.451000E+000
  0.108950E+001  0.501000E+000
  0.109592E+001  0.410000E-001
  0.109592E+001  0.910000E-001
  0.109592E+001  0.131000E+000
  0.109592E+001  0.181000E+000
  0.109592E+001  0.231000E+000
  0.109592E+001  0.311000E+000
  0.109592E+001  0.371000E+000
  0.109592E+001  0.431000E+000
  0.109592E+001  0.501000E+000
  0.109592E+001  0.561000E+000
  0.110233E+001  0.310000E-001
  0.110233E+001  0.910000E-001
  0.110233E+001  0.141000E+000
  0.110233E+001  0.191000E+000
  0.110233E+001  0.281000E+000
  0.110233E+001  0.321000E+000
  0.110233E+001  0.381000E+000
  0.110233E+001  0.431000E+000
  0.110233E+001  0.471000E+000
  0.110233E+001  0.521000E+000
  0.110875E+001  0.710000E-001
  0.110875E+001  0.121000E+000
  0.110875E+001  0.151000E+000
  0.110875E+001  0.201000E+000
  0.110875E+001  0.281000E+000
  0.110875E+001  0.341000E+000
  0.110875E+001  0.421000E+000
  0.110875E+001  0.481000E+000
  0.110875E+001  0.531000E+000
  0.110875E+001  0.611000E+000
  0.111517E+001  0.710000E-001
  0.111517E+001  0.121000E+000
  0.111517E+001  0.161000E+000
  0.111517E+001  0.211000E+000
  0.111517E+001  0.261000E+000
  0.111517E+001  0.301000E+000
  0.111517E+001  0.351000E+000
  0.111517E+001  0.441000E+000
  0.111517E+001  0.501000E+000
  0.111517E+001  0.551000E+000
  0.112158E+001  0.310000E-001
  0.112158E+001  0.910000E-001
  0.112158E+001  0.131000E+000
  0.112158E+001  0.181000E+000
  0.112158E+001  0.231000E+000
  0.112158E+001  0.321000E+000
  0.112158E+001  0.381000E+000
  0.112158E+001  0.421000E+000
  0.112158E+001  0.461000E+000
  0.112158E+001  0.511000E+000
  0.112800E+001  0.510000E-001
  0.112800E+001  0.910000E-001
  0.112800E+001  0.141000E+000
  0.112800E+001  0.191000E+000
  0.112800E+001  0.241000E+000
  0.112800E+001  0.281000E+000
  0.112800E+001  0.361000E+000
  0.112800E+001  0.421000E+000
  0.112800E+001  0.471000E+000
  0.112800E+001  0.521000E+000
  0.113442E+001  0.810000E-001
  0.113442E+001  0.141000E+000
  0.113442E+001  0.201000E+000
  0.113442E+001  0.251000E+000
  0.113442E+001  0.301000E+000
  0.113442E+001  0.381000E+000
  0.113442E+001  0.481000E+000
  0.113442E+001  0.531000E+000
  0.113442E+001  0.601000E+000
  0.113442E+001  0.651000E+000
  0.114083E+001  0.510000E-001
  0.114083E+001  0.101000E+000
  0.114083E+001  0.161000E+000
  0.114083E+001  0.221000E+000
  0.114083E+001  0.301000E+000
  0.114083E+001  0.371000E+000
  0.114083E+001  0.451000E+000
  0.114083E+001  0.501000E+000
  0.114083E+001  0.551000E+000
  0.114083E+001  0.611000E+000
  0.114725E+001  0.810000E-001
  0.114725E+001  0.141000E+000
  0.114725E+001  0.191000E+000
  0.114725E+001  0.261000E+000
  0.114725E+001  0.321000E+000
  0.114725E+001  0.471000E+000
  0.114725E+001  0.521000E+000
  0.114725E+001  0.571000E+000
  0.114725E+001  0.591000E+000
  0.114725E+001  0.641000E+000
  0.115367E+001  0.510000E-001
  0.115367E+001  0.111000E+000
  0.115367E+001  0.181000E+000
  0.115367E+001  0.231000E+000
  0.115367E+001  0.281000E+000
  0.115367E+001  0.331000E+000
  0.115367E+001  0.431000E+000
  0.115367E+001  0.481000E+000
  0.115367E+001  0.531000E+000
  0.115367E+001  0.601000E+000
  0.116008E+001  0.410000E-001
  0.116008E+001  0.111000E+000
  0.116008E+001  0.201000E+000
  0.116008E+001  0.301000E+000
  0.116008E+001  0.331000E+000
  0.116008E+001  0.381000E+000
  0.116008E+001  0.451000E+000
  0.116008E+001  0.571000E+000
  0.116008E+001  0.621000E+000
  0.116008E+001  0.661000E+000
  0.116650E+001  0.710000E-001
  0.116650E+001  0.151000E+000
  0.116650E+001  0.231000E+000
  0.116650E+001  0.311000E+000
  0.116650E+001  0.361000E+000
  0.116650E+001  0.411000E+000
  0.116650E+001  0.481000E+000
  0.116650E+001  0.541000E+000
  0.116650E+001  0.581000E+000
  0.116650E+001  0.631000E+000
  0.117292E+001  0.310000E-001
  0.117292E+001  0.910000E-001
  0.117292E+001  0.201000E+000
  0.117292E+001  0.271000E+000
  0.117292E+001  0.321000E+000
  0.117292E+001  0.361000E+000
  0.117292E+001  0.411000E+000
  0.117292E+001  0.461000E+000
  0.117292E+001  0.521000E+000
  0.117292E+001  0.601000E+000
  0.117933E+001  0.510000E-001
  0.117933E+001  0.111000E+000
  0.117933E+001  0.191000E+000
  0.117933E+001  0.281000E+000
  0.117933E+001  0.341000E+000
  0.117933E+001  0.381000E+000
  0.117933E+001  0.421000E+000
  0.117933E+001  0.481000E+000
  0.117933E+001  0.531000E+000
  0.117933E+001  0.611000E+000
  0.118575E+001  0.310000E-001
  0.118575E+001  0.710000E-001
  0.118575E+001  0.131000E+000
  0.118575E+001  0.241000E+000
  0.118575E+001  0.311000E+000
  0.118575E+001  0.381000E+000
  0.118575E+001  0.451000E+000
  0.118575E+001  0.501000E+000
  0.118575E+001  0.551000E+000
  0.118575E+001  0.651000E+000
  0.119217E+001  0.410000E-001
  0.119217E+001  0.101000E+000
  0.119217E+001  0.211000E+000
  0.119217E+001  0.271000E+000
  0.119217E+001  0.321000E+000
  0.119217E+001  0.361000E+000
  0.119217E+001  0.421000E+000
  0.119217E+001  0.501000E+000
  0.119217E+001  0.561000E+000
  0.119217E+001  0.701000E+000
  0.119858E+001  0.710000E-001
  0.119858E+001  0.111000E+000
  0.119858E+001  0.171000E+000
  0.119858E+001  0.231000E+000
  0.119858E+001  0.301000E+000
  0.119858E+001  0.351000E+000
  0.119858E+001  0.421000E+000
  0.119858E+001  0.471000E+000
  0.119858E+001  0.521000E+000
  0.119858E+001  0.601000E+000
  0.120500E+001  0.810000E-001
  0.120500E+001  0.131000E+000
  0.120500E+001  0.201000E+000
  0.120500E+001  0.261000E+000
  0.120500E+001  0.341000E+000
  0.120500E+001  0.391000E+000
  0.120500E+001  0.481000E+000
  0.120500E+001  0.551000E+000
  0.120500E+001  0.631000E+000
  0.120500E+001  0.721000E+000
  0.121142E+001  0.510000E-001
  0.121142E+001  0.101000E+000
  0.121142E+001  0.251000E+000
  0.121142E+001  0.311000E+000
  0.121142E+001  0.361000E+000
  0.121142E+001  0.431000E+000
  0.121142E+001  0.481000E+000
  0.121142E+001  0.521000E+000
  0.121142E+001  0.591000E+000
  0.121142E+001  0.661000E+000
  0.121783E+001  0.310000E-001
  0.121783E+001  0.141000E+000
  0.121783E+001  0.231000E+000
  0.121783E+001  0.301000E+000
  0.121783E+001  0.411000E+000
  0.121783E+001  0.481000E+000
  0.121783E+001  0.571000E+000
  0.121783E+001  0.631000E+000
  0.121783E+001  0.681000E+000
  0.121783E+001  0.721000E+000
  0.122425E+001  0.810000E-001
  0.122425E+001  0.161000E+000
  0.122425E+001  0.261000E+000
  0.122425E+001  0.341000E+000
  0.122425E+001  0.421000E+000
  0.122425E+001  0.521000E+000
  0.122425E+001  0.581000E+000
  0.122425E+001  0.651000E+000
  0.122425E+001  0.701000E+000
  0.122425E+001  0.741000E+000
  0.123067E+001  0.510000E-001
  0.123067E+001  0.121000E+000
  0.123067E+001  0.171000E+000
  0.123067E+001  0.211000E+000
  0.123067E+001  0.281000E+000
  0.123067E+001  0.341000E+000
  0.123067E+001  0.391000E+000
  0.123067E+001  0.451000E+000
  0.123067E+001  0.511000E+000
  0.123067E+001  0.551000E+000
  0.123708E+001  0.510000E-001
  0.123708E+001  0.101000E+000
  0.123708E+001  0.141000E+000
  0.123708E+001  0.191000E+000
  0.123708E+001  0.251000E+000
  0.123708E+001  0.311000E+000
  0.123708E+001  0.371000E+000
  0.123708E+001  0.461000E+000
  0.123708E+001  0.521000E+000
  0.123708E+001  0.571000E+000
  0.124350E+001  0.810000E-001
  0.124350E+001  0.111000E+000
  0.124350E+001  0.161000E+000
  0.124350E+001  0.221000E+000
  0.124350E+001  0.271000E+000
  0.124350E+001  0.321000E+000
  0.124350E+001  0.411000E+000
  0.124350E+001  0.481000E+000
  0.124350E+001  0.541000E+000
  0.124350E+001  0.601000E+000
  0.124992E+001  0.510000E-001
  0.124992E+001  0.101000E+000
  0.124992E+001  0.131000E+000
  0.124992E+001  0.181000E+000
  0.124992E+001  0.231000E+000
  0.124992E+001  0.281000E+000
  0.124992E+001  0.341000E+000
  0.124992E+001  0.401000E+000
  0.124992E+001  0.451000E+000
  0.124992E+001  0.501000E+000
  0.125633E+001  0.710000E-001
  0.125633E+001  0.141000E+000
  0.125633E+001  0.201000E+000
  0.125633E+001  0.261000E+000
  0.125633E+001  0.311000E+000
  0.125633E+001  0.371000E+000
  0.125633E+001  0.471000E+000
  0.125633E+001  0.541000E+000
  0.125633E+001  0.631000E+000
  0.125633E+001  0.781000E+000
  0.126275E+001  0.410000E-001
  0.126275E+001  0.171000E+000
  0.126275E+001  0.241000E+000
  0.126275E+001  0.291000E+000
  0.126275E+001  0.341000E+000
  0.126275E+001  0.451000E+000
  0.126275E+001  0.511000E+000
  0.126275E+001  0.631000E+000
  0.126275E+001  0.711000E+000
  0.126275E+001  0.791000E+000
  0.126917E+001  0.710000E-001
  0.126917E+001  0.131000E+000
  0.126917E+001  0.191000E+000
  0.126917E+001  0.261000E+000
  0.126917E+001  0.321000E+000
  0.126917E+001  0.361000E+000
  0.126917E+001  0.391000E+000
  0.126917E+001  0.471000E+000
  0.126917E+001  0.521000E+000
  0.126917E+001  0.561000E+000
  0.127558E+001  0.410000E-001
  0.127558E+001  0.111000E+000
  0.127558E+001  0.161000E+000
  0.127558E+001  0.201000E+000
  0.127558E+001  0.241000E+000
  0.127558E+001  0.311000E+000
  0.127558E+001  0.371000E+000
  0.127558E+001  0.431000E+000
  0.127558E+001  0.491000E+000
  0.127558E+001  0.551000E+000
  0.128200E+001  0.710000E-001
  0.128200E+001  0.121000E+000
  0.128200E+001  0.171000E+000
  0.128200E+001  0.221000E+000
  0.128200E+001  0.281000E+000
  0.128200E+001  0.401000E+000
  0.128200E+001  0.451000E+000
  0.128200E+001  0.511000E+000
  0.128200E+001  0.561000E+000
  0.128200E+001  0.641000E+000
  0.128842E+001  0.810000E-001
  0.128842E+001  0.141000E+000
  0.128842E+001  0.201000E+000
  0.128842E+001  0.251000E+000
  0.128842E+001  0.351000E+000
  0.128842E+001  0.421000E+000
  0.128842E+001  0.481000E+000
  0.128842E+001  0.541000E+000
  0.128842E+001  0.611000E+000
  0.128842E+001  0.671000E+000
