   0.15000000E+001   0.58104739E+001   0.00000000E+000
   0.14997500E+001   0.58095056E+001   0.00000000E+000
   0.15000000E+001   0.41488460E+001   0.00000000E+000
   0.14995752E+001   0.41479407E+001   0.00000000E+000
   0.15000000E+001   0.36267338E+001   0.00000000E+000
   0.14998037E+001   0.36257532E+001   0.00000000E+000
   0.15000000E+001   0.14327867E+001   0.00000000E+000
   0.14999365E+001   0.14317887E+001   0.00000000E+000
   0.15000000E+001   0.55438297E+000   0.00000000E+000
   0.14998416E+001   0.55339560E+000   0.00000000E+000
